hash					index	nodes	edges	their_time(s)	my_time(s)
2314bdc6af5e7cc9abbe9fc8d8156a70	[0]	500	2980	0.006		0.018
49dbf9ac6102eb30983ac3c7e61bf937	[1]	504	1139	0.003		0.015
f6c77b39e745e2a3159f7c28f258e03c	[2]	512	1181	0.005		0.009
923a4057a8da24472f458f4c06328e3d	[3]	519	877	0.006		0.009
722e74f053736baeea897d173bd1b4f9	[4]	522	1198	0.005		0.009
d8d77cb552fc829d11b550a2f5fc676a	[5]	527	1198	0.005		0.009
0f207d5ca545ded55f78b6571fcd8236	[6]	530	1198	0.005		0.009
df827d0df4298e8ea9d9cf9cf7d9d8f9	[7]	537	1028	0.005		0.008
71ae0b23b35fc6040d39dd556d8bfe28	[8]	538	1225	0.005		0.008
a49007fadbd5d35e29c5f88560ecf10d	[9]	541	1233	0.005		0.008
5f4afd57d5345fe88079c8bd62f8b8e6	[10]	542	1841	0.005		0.008
3f072948fe2ae743f82c18920c1eae16	[11]	544	1240	0.006		0.008
3139be52f415eca2bc4ad38f73394ef5	[12]	545	820	0.004		0.008
d4d260438a177a5d9f47aafd9c092f8c	[13]	545	1246	0.005		0.008
f7522362b640f705b3a0ba61c24b7cea	[14]	546	1289	0.005		0.008
f34c9f8720e996c494b04977bd822cc0	[15]	549	1249	0.006		0.008
ddf8dcdd0f4948bbd79ab9a1f211d02f	[16]	553	1264	0.006		0.008
f28eb0bd0b7e3e952cf13f10ec3eee46	[17]	557	1278	0.006		0.008
c042a35be2a8fef3c2cc3d70800a7234	[18]	561	1280	0.006		0.008
8c934fbaa0eb5969ad0244d2c116b756	[19]	567	1070	0.007		0.009
3a52423a1c6aaffab58d5e72edb6c3d9	[20]	571	6173	0.011		0.009
6e012bb773c0e1c9ed05289b6604e938	[21]	588	1038	0.008		0.009
92cc1049007622398ca838539756b16d	[22]	592	2122	0.006		0.009
867373cab20f8c507b0b0b901758a641	[23]	598	1425	0.006		0.009
9be1e63c961cc9ec7afde02bd44c2f6b	[24]	600	1421	0.006		0.009
4716c15013a9bd69f2ee5c2d1f4769c0	[25]	601	1536	0.006		0.009
0e8f4110018525e75cc971318d4e6818	[26]	608	3639	0.01		0.009
27fbab69499968f8fe26d343f0f1617d	[27]	609	1476	0.006		0.01
4dea25a2f7752d06b178950666e6333c	[28]	610	1482	0.006		0.009
2fa9944e2af176952442a498a3ea816f	[29]	610	1481	0.006		0.009
38b982542689b7ecec26cafe8707660c	[30]	619	1501	0.006		0.014
da29957b01e7ff9916031a9f1b6b2f74	[31]	646	2284	0.007		0.011
3ff42378188401fb3f1e2729022b3698	[32]	677	31441	0.055		0.015
3347062029904072c27a4fed1f275b0b	[33]	679	2805	0.011		0.012
bbfede2cf5e4309637f2b81690b29464	[34]	682	2351	0.007		0.013
b235c64782b88cb17f8dc72a058e866a	[35]	683	1543	0.009		0.011
69fa64d1daf3f77e5a1da7ac29983a93	[36]	686	1418	0.009		0.011
bf1aed2124df2e31ca037ee915b5deaa	[37]	692	1412	0.009		0.012
229e6e151dc96ace258dea7a61e006ab	[38]	705	1243	0.008		0.019
911321595cdb8f98fe450a4ed437244a	[39]	725	1657	0.008		0.013
4ac734f8b992d21faf478b4e94eb0747	[40]	737	1341	0.01		0.014
5a140e579f165641cfc3e3581f999161	[41]	759	1771	0.01		0.023
7fa600b33cb8ea7e592db49597ba9e88	[42]	762	16651	0.039		0.017
aff662a529925ad4c276118d62345883	[43]	769	1858	0.01		0.015
5e86ad2ad093d8d548edf9920ebe5a36	[44]	770	1415	0.012		0.107
cd97c3561d7df84572b1334700516d08	[45]	771	1357	0.009		0.015
5abf6d1edb0e3e341dfb3f6ea62a0bf1	[46]	774	1779	0.01		0.014
83b75da97d22869312b5b517aa3cf820	[47]	774	1818	0.009		0.023
4bd616861a9cbe9cdb503e34c7fe7994	[48]	776	2525	0.009		0.015
1b703a83a2407aa8b44159ab4a6be9c9	[49]	777	2519	0.009		0.023
44454428423ff0f84eb17a8ccc48b1f5	[50]	783	1986	0.01		0.019
0252acfa167a2858288f02c76f2f6288	[51]	786	2538	0.01		0.019
491da87e321cfd8b487463fef5f95ff4	[52]	789	2536	0.01		0.019
f927d7b2096b2cbcdae0f7d02eb5ca91	[53]	794	2577	0.01		0.02
0e0edfebc6a80adf1ea0483f8e726a2f	[54]	800	6418	0.023		0.021
bddb4a40b00ba005fa4de64c49c4e140	[55]	803	15273	0.039		0.022
51ea63a4855f8a785148cd26a31164e4	[56]	808	2105	0.011		0.02
b75ae77101f5fe9a0844c9c6f84be513	[57]	808	2760	0.01		0.02
e6cbd08bb9ba9dbcac34c15ab11f0750	[58]	809	2506	0.01		0.02
f0d617097124b7a5e95646d98c95c45d	[59]	812	2590	0.01		0.026
921bb19409acfc1bfa8c4e13b023fffa	[60]	813	2103	0.011		0.02
099849d143c793c351f3ea8ce01d6cde	[61]	814	2550	0.01		0.021
b7337ce22b8f4fd96d270ef1a0a20a81	[62]	816	1977	0.011		0.02
0e10a348693eabd45c13bf49da96ee7f	[63]	819	1237	0.01		0.021
18fb884e81f0d7e8edd750ceb1fdd17f	[64]	822	2555	0.01		0.021
e13037c82cd82df0401c2029f275d0ec	[65]	823	822	0.006		0.021
ad11dcd4c5986de7b76aaa9e868f4f94	[66]	825	2819	0.011		0.021
164ba49df47de490c6f9d044b02b63d4	[67]	837	2632	0.011		0.022
29374d487804b107848af038274d0bcb	[68]	840	2700	0.011		0.022
f76f7a0c155511b3916dcf0da76ab931	[69]	841	2776	0.011		0.022
b1abbba9c2cd07a65faef09a882fcf7f	[70]	842	2629	0.011		0.022
47a5ba15ac630de90c6055826e618d1b	[71]	848	2721	0.011		0.028
7be66dbe15285cadec3550a7dd21e892	[72]	849	10384	0.027		0.023
1f472bbe33f08a7c428136aa9e665571	[73]	861	2011	0.012		0.023
58935c6cc6a73292fa1e1c0f36ed0981	[74]	866	2532	0.015		0.024
a5034b0d480cc78ac824b9aec6f581df	[75]	873	957	0.008		0.023
a7b47cccf4bf9acc34271c57120fa09f	[76]	880	2296	0.014		0.024
ca69fce9b8529a1c7dd4f8afdf1d266e	[77]	890	1329	0.01		0.025
3ed6aba3e39ee1acd6ed1b6d5bd8240a	[78]	896	2186	0.013		0.025
7a5924db7deb497505edc103e577ec07	[79]	930	1798	0.018		0.027
dba037f936399fd12fc759289bdb75f6	[80]	948	1384	0.018		0.029
2ee8dfd30d860e030d12a4a0a77f23dc	[81]	962	18812	0.06		0.032
dd988ba2124c0999573a4e44ce27eb84	[82]	964	1487	0.014		0.029
b7d3115528d54c0bfe9caf14e705e27d	[83]	965	2353	0.015		0.037
f7f1950920e94a0367a5ac7645293425	[84]	971	1802	0.016		0.029
c7f39f6750db595ad16ce2f3df0422b9	[85]	974	1611	0.02		0.029
c82c24de51ab7ebf01d804e0fea4c0d7	[86]	974	2299	0.018		0.029
b30c2817fc74467c451eed894aefafd0	[87]	994	3640	0.028		0.031
68b9a028b623dabe17e6397c8df86ebd	[88]	998	1928	0.02		0.032
278f6164ed6bd47aaa037db52fd15211	[89]	1009	1610	0.023		0.031
bc0862e67cd796b0c54d6a6c900a2f75	[90]	1024	4916	0.028		0.033
3dab45294f48c9ae3d635e5628fdf00a	[91]	1031	4408	0.025		0.033
aa906a95fa7a345676612247ceabe061	[92]	1035	1719	0.016		0.034
602fd62ed8361c1caee148769572f078	[93]	1036	2022	0.022		0.033
6eb35625f72a91798131673192a19ff7	[94]	1039	1305	0.018		0.033
f12b307e36b3ff239a99881c0704b619	[95]	1040	1595	0.023		0.042
bcdc0adc54aa9b613dc2fd7240ed9cf4	[96]	1042	2764	0.019		0.033
61705a71b6219b864434d1232eb75c6a	[97]	1076	38115	0.112		0.042
04687645e45eaea349be73cf39501e6e	[98]	1084	1602	0.018		0.036
4d2c0ed0c31fb6c128be92041b019c8d	[99]	1087	2952	0.026		0.037
0e07e4859a7be9f393730a68fa93289e	[100]	1103	2149	0.027		0.038
ea706423a2e4d6a5d9db799a15ddb098	[101]	1105	26043	0.086		0.042
bafd7021dd4a3d6611fcd6c5ea6100f6	[102]	1108	1500	0.017		0.038
df808e55beae7083c830e0f6396b44a5	[103]	1133	5451	0.04		0.04
8f7544bca281e568e4de006ca3c2c614	[104]	1137	10719	0.052		0.042
e1b051648d40d992a3bb7f1615576902	[105]	1168	1243	0.022		0.042
9a1f53f34702a589d1a08a24efc34329	[106]	1213	2556	0.025		0.048
a518da24d2de32499b5cd5204f003468	[107]	1226	2408	0.034		0.062
cdacdaf6bcd325be4f1c99f0aa011cdb	[108]	1294	12573	0.073		0.058
85d57240c98b67075c9a2e68cb49bf9a	[109]	1350	4055	0.049		0.064
358aa87b95cb05df1959133a9223132a	[110]	1446	59589	0.247		0.086
4736ee1c65709a5b5a7329e0b350cd8d	[111]	1463	4246	0.044		0.078
50368a7ead7d64ffaa5e4c0abfbf2ba0	[112]	1510	32984	0.167		0.089
05cf9040ae63ab8fe362d86867596f3c	[113]	1552	13170	0.095		0.091
a974fc93e9b3a2165d78571cd0f62746	[114]	1554	3599	0.065		0.09
704135bc2360d9fd6d7acc59b9af7080	[115]	1603	2320	0.058		0.095
ee14360264a970ede30826c3eaf8c6a8	[116]	1647	2518	0.046		0.101
80473cf8d34b761f1526434bcbee6ed9	[117]	1657	61049	0.305		0.118
ff31a65b8940da63b9947476bf7c3b78	[118]	1786	1992	0.043		0.119
0f0f33260a18495de6c94e99594ba919	[119]	1893	2418	0.063		0.166
b5fc7243c354a104aed4ff494fc23617	[120]	1976	31929	0.229		0.162
e8d33f03039fcd4f17492083eaba97fa	[121]	1993	34601	0.234		0.168
45c2278f685ffa7eff8d6f701edc6a8a	[122]	2025	16734	0.17		0.166
a75c9bece1e70b54e6c53d854adc39c3	[123]	2067	4218	0.078		0.172
1697dbe2c9c52899aab4584aa3fe4f65	[124]	2113	57927	0.382		0.195
9093c6925abc4e7f3d50571bd2e63ac6	[125]	2114	77599	0.49		0.204
5d624cfea1c713424c65fdcd5ea9a2d3	[126]	2114	58146	0.393		0.195
544dd1442a3f78f2c620358ad2d555c6	[127]	2114	59840	0.4		0.201
0e8b0e732a770bf51c874090b8037301	[128]	2114	73324	0.456		0.199
e938508bcd0d56f462afbfc78e594d3b	[129]	2114	72576	0.45		0.201
40f420c3dd3e8f35d4224e54d0492820	[130]	2115	68191	0.43		0.198
2d8081d02d340022d821992bd245e435	[131]	2115	65487	0.422		0.235
c5beeb2a34d1d5ce60edd11c2bd25f3b	[132]	2115	66005	0.422		0.197
ef010e6a91708f3e74d67042110f6241	[133]	2115	66592	0.417		0.198
0ad4bb8f06b0bb5f2aa0883827fdf8da	[134]	2115	67710	0.427		0.197
7cb76e7817bc37c4065ef7ca7af985d9	[135]	2115	60945	0.398		0.196
a5210dc518efac7d20a3a2e2d52a9cec	[136]	2115	68529	0.443		0.197
ee9e7842de9f9e35af228b4b4f6f7d51	[137]	2115	73174	0.457		0.199
0a874de266490f296fceda8fe933b530	[138]	2115	63507	0.411		0.195
4cbcfcd92bddcfbd132deba3a0254355	[139]	2115	75572	0.472		0.199
60004e8a828c13f4a4437dfd07dae8b8	[140]	2115	73069	0.453		0.197
8219c8c0af04be63783c8aaf4164f34b	[141]	2115	72273	0.46		0.197
426159b6af4341243b2b1f693f8f5849	[142]	2115	72107	0.463		0.196
2afa2b67c02f45e2a5f8d2f394aa5c06	[143]	2115	69212	0.445		0.232
150881afb13f793935ed3151bda7e011	[144]	2115	61819	0.414		0.192
8ce04d01639b6d5f9168592add792796	[145]	2132	4347	0.091		0.179
82e0d1b75aceda432f481a7b7b60e050	[146]	2214	3538	0.09		0.192
411c42417f687e72368826eb3d732076	[147]	2235	90954	0.592		0.227
44d584acfb685daf1048358695b1f522	[148]	2250	84386	0.576		0.226
3d6863d448c3e497e142ddca10f47220	[149]	2266	3041	0.096		0.205
65b4954d96c70f4d4c31f1681d87130b	[150]	2312	96393	0.652		0.246
f182f73aa59512c8efc5e3c0863ee280	[151]	2351	59213	0.443		0.241
bb07bf50b449a651e089832c6e8a4879	[152]	2454	25206	0.295		0.248
f163592f6c64d470e902d6a43a7691d0	[153]	2461	82695	0.596		0.275
7c042a5df2a324b6a2786bd48b4e35d4	[154]	2601	26640	0.309		0.281
9cc114f40d243fe525de37eceb251100	[155]	2613	111996	0.872		0.38
9ad75550c09c9c885aa748fdeefcc312	[156]	2672	65244	0.607		0.316
48c1a2c5183506be0fc63455b852498e	[157]	2733	42678	0.43		0.325
29130260e5dd65ad7e7a2b441a44ed89	[158]	2788	112985	0.907		0.366
6bb314f84dcabc646398dc9cec1b06b1	[159]	2879	3886	0.09		0.344
49553d1ac922c6fc6c07cf592e7d2473	[160]	2917	64149	0.612		0.381
d4138e0841a49e92ebba1342d3726e0d	[161]	2920	89912	0.834		0.395
136074521b4554a8ca6782caef83ff0f	[162]	2970	94899	0.868		0.408
0b2dfde931d5e8d44d8de75fdd77393f	[163]	2970	97133	0.888		0.413
0770f4ae70e77ebad6ae538c73cdd84f	[164]	3155	5648	0.218		0.416
da9661b4a19d877d28c0d1153b68ced1	[165]	3180	178952	1.497		0.511
a410e6ea9f4beab088e487bcdfe3e9b4	[166]	3353	4831	0.259		0.472
7d915d0745727072c90b61f9539eddec	[167]	3775	14120	0.399		0.698
3ff3dfbfcc6571474923a96cfebf3386	[168]	4039	88234	1.04		0.756
221660fadf5202becd2f2ade2cb96d3e	[169]	4158	13422	0.505		0.763
84a361679332cce2af0b7cf88b8ff12f	[170]	5620	288462	4.446		1.562
30354e3769446808464f0f40dae860bf	[171]	6547	227924	4.463		2.112
1ec1ef6ef9516d0680b0a16da70c6087	[172]	8638	24806	2.339		3.251
d07766a87ed2b14c54657284362464e9	[173]	12164	485926	17.18		7.216
